/**:
ros__parameters:
  map_origin:
    latitude: 48.262685577935336
    longitude: 11.6639997281684
    elevation: 0.0
    roll: 0.0
    pitch: 0.0
    yaw: 0.0
